a,b,c,d,e,f,g,h
0,16,6,19,5,18,17,19
16,0,12,7,6,10,16,10
6,12,0,12,12,10,8,6
19,7,12,0,20,17,11,7
5,6,12,20,0,7,5,14
18,10,10,17,7,0,17,16
17,16,8,11,5,17,0,18
19,10,6,7,14,16,18,0
